53.0636421
51.44312019
51.26029234
48.54977102
44.55717523
49.92032755
48.08387571
50.29377876
49.65443945
50.63729194
50.86274268
52.6075993
47.25570629
50.30949464
55.23028401
52.39347368
52.81407916
48.37394986
48.00974434
42.52483363
52.67117949
47.68187402
51.94917491
51.53293774
47.25234441
51.71243931
50.73619151
47.96006274
48.1004729
47.88157139
48.45220447
49.90237245
51.36271193
53.93287675
54.29214536
48.05085537
50.50919399
53.32701047
51.90565128
52.6470338
54.63689567
50.6677019
50.0837286
50.0381262
50.79229376
52.2254461
51.64908406
47.63986497
47.46516606
49.80705529
48.44476137
50.18684709
50.2384637
52.27992344
50.45416893
45.56002312
45.42746933
42.48412097
54.39011763
45.19278504
45.15842536
50.73968724
54.17975536
50.30063962
46.90643415
45.14195296
44.53801581
43.55695306
47.38762882
50.13537404
48.38002843
50.98224715
50.47969747
51.62731669
53.84704699
47.03559605
44.7427224
49.99652637
48.72176836
46.33801538
50.08557752
48.49985395
54.26084146
50.66622062
49.87106524
45.18023583
46.22132741
49.37654471
52.65477352
46.73364896
46.37515791
50.75966525
49.39501914
50.12274159
43.5097144
51.65162204
51.83321931
47.47715869
43.27614849
53.20170902
50.71368222
50.23364596
47.3864072
52.27035708
48.98499888
47.78092334
51.59765245
50.53057251
46.87970414
53.83242326
52.23397392
46.13364107
52.91313672
47.19022675
49.40014576
50.13037037
50.56703379
45.74975529
50.2050895
51.33117218
49.49098642
50.14183077
51.8147348
47.41879626
51.75427095
48.028413
46.73803397
50.67628661
49.98409184
49.08222912
52.3698913
44.14594478
47.69598656
52.60590559
44.94667492
46.54645109
51.83237191
52.13910559
43.67303217
51.74638552
50.34117839
53.18885046
50.63813629
55.32218458
49.57473719
55.09552698
56.62216866
48.84625069
48.61044071
48.6565102
47.18536309
48.95347762
43.69093235
54.01646412
54.7358863
48.35844853
48.27888539
49.61377805
48.91106813
53.30804619
52.79621196
49.58184123
50.72380118
52.4311008
46.05732819
51.76998587
50.66556986
50.46127396
51.88132713
53.18730678
47.76426645
51.17245583
52.53572346
49.77812617
49.56357458
53.26023535
54.5085112
49.19716774
50.39499999
51.68351771
47.67589022
51.23008686
50.07672552
45.49728583
54.576052
47.17994328
48.51277901
51.98912111
44.68931438
53.08655255
53.73965896
49.72858933
44.22621124
46.99149574
51.44311442
46.15168298
46.67714272
48.45384444
52.78450171
44.78282515
